Customer1:

minimumDistance(1275,1947,P,D),writeln(P).
[1275,1276,1326,1376,1426,1427,1477,1478,1528,1529,1530,1531,1532,1533,1534,1584,1634,1684,1734,1784,1834,1884,1885,1935,1936,1937,1938,1939,1940,1941,1942,1943,1944,1945,1946,1947]
D = 294.

minimumDistance(1947,641,P,D),writeln(P).
[1947,1897,1847,1846,1845,1844,1794,1793,1792,1791,1741,1691,1641,1591,1541,1491,1441,1391,1341,1291,1241,1191,1141,1091,1041,991,941,891,841,791,741,691,641]
D = 286

minimumDistance(641,1275,P,D),writeln(P).
[641,691,690,689,739,789,839,838,837,887,886,936,986,1036,1086,1136,1135,1185,1184,1183,1233,1283,1282,1281,1280,1279,1278,1277,1276,1326,1325,1275]
D = 217
